                                                                                      Продолжение таблицы 5

                                                                                      В общей численности
                                                    Мужчины                           населения, процентов
                                                               Мужчины    Женщины
                                                   и женщины
                                                                                     мужчины       женщины
 Тепло-Огаревский район                                12705       5800       6905        45,7           54,3
   Городское население - пгт Теплое рп (рц)             5115       2237       2878        43,7           56,3
   Сельское население                                   7590       3563       4027        46,9           53,1
 Узловский район                                       85173      37982      47191        44,6           55,4
   Городское население                                 67722      29953      37769        44,2           55,8
     г. Узловая (рц)                                   55282      24375      30907        44,1           55,9
     пгт Брусянский рп                                  3498       1580       1918        45,2           54,8
     пгт Дубовка рп                                     8942       3998       4944        44,7           55,3
   Сельское население                                  17451       8029       9422        46,0           54,0
 Чернский район                                        20476       9269      11207        45,3           54,7
   Городское население                                  7527       3236       4291        43,0           57,0
     пгт Чернь рп (рц)                                  6405       2774       3631        43,3           56,7
     пгт Станция Скуратово рп                           1122        462        660        41,2           58,8
   Сельское население                                  12949       6033       6916        46,6           53,4
 Щекинский район                                      106595      47870      58725        44,9           55,1
   Городское население                                 78505      34136      44369        43,5           56,5
     г. Щекино (рц)                                    58139      25185      32954        43,3           56,7
     г. Советск                                         7536       3293       4243        43,7           56,3
     пгт Огаревка рп                                    2772       1217       1555        43,9           56,1
     пгт Первомайский рп                               10058       4441       5617        44,2           55,8
   Сельское население                                  28090      13734      14356        48,9           51,1
 Ясногорский район                                     31152      14091      17061        45,2           54,8
   Городское население                                 19765       8770      10995        44,4           55,6
     г. Ясногорск (рц)                                 16795       7428       9367        44,2           55,8
     пгт Ревякино рп                                    2970       1342       1628        45,2           54,8
   Сельское население                                  11387       5321       6066        46,7           53,3
Ярославская область                                  1272468     568097     704371        44,6           55,4
   Городское население                               1045526     463069     582457        44,3           55,7
   Сельское население                                 226942     105028     121914        46,3           53,7
 г. Ярославль                                         591486     259725     331761        43,9           56,1
      внутригородские районы
            Дзержинский                               164406      71716      92690        43,6           56,4
            Заволжский                                118228      53849      64379        45,5           54,5
            Кировский                                  56850      23985      32865        42,2           57,8
            Красноперекопский                          63828      28229      35599        44,2           55,8
            Ленинский                                  63643      26670      36973        41,9           58,1
            Фрунзенский                               124531      55276      69255        44,4           55,6
 г. Переславль-Залесский                               41925      19239      22686        45,9           54,1
 г. Ростов                                             31792      14166      17626        44,6           55,4
 г. Рыбинск                                           200771      89252     111519        44,5           55,5
 г. Тутаев                                             41005      18495      22510        45,1           54,9
 г. Углич                                              34507      15797      18710        45,8           54,2
 Большесельский район - сельское население              9906       4530       5376        45,7           54,3
     село Большое Село (рц)                             3522       1573       1949        44,7           55,3
     прочие сельские населенные пункты                  6384       2957       3427        46,3           53,7
 Борисоглебский район                                  12630       5911       6719        46,8           53,2
   Городское население - пгт Борисоглебский (рц)        5646       2589       3057        45,9           54,1
   Сельское население                                   6984       3322       3662        47,6           52,4
 Брейтовский район - сельское население                 7034       3136       3898        44,6           55,4
     село Брейтово (рц)                                 3308       1449       1859        43,8           56,2
     прочие сельские населенные пункты                  3726       1687       2039        45,3           54,7



        Численность и размещение населения —————————————————————————————                                     51
